- = 0.180000 (0.499992,0.499992,0.499992)
N = 1.5, 0.600000 (0,0,1) ;N
O = 1.4, 0.58 (1,0,0) ;O
H = 0.9, 0.360000 (1,1,1) ;H
C = 1.5, 0.600000 (0.5,0.5,0.5) ;C
H32:-4.03900 -2.16000 -0.272000 ;type=UNK	name= 	num=1	chain= 	ss=	ssid=	elem=H	aloc=H	
H31:-5.029 -1.65600 -1.49100 ;type=UNK	name= 	num=1	chain= 	ss=	ssid=	elem=H	aloc=H	
H30:5.72700 -1.76300 -0.274 ;type=UNK	name= 	num=1	chain= 	ss=	ssid=	elem=H	aloc=H	
H29:5.436 0.302 0.782000 ;type=UNK	name= 	num=1	chain= 	ss=	ssid=	elem=H	aloc=H	
H28:4.152 -0.855000 1.19500 ;type=UNK	name= 	num=1	chain= 	ss=	ssid=	elem=H	aloc=H	
H27:3.882 3.34500 1.31400 ;type=UNK	name= 	num=1	chain= 	ss=	ssid=	elem=H	aloc=H	
H26:0.206000 2.872 1.56200 ;type=UNK	name= 	num=1	chain= 	ss=	ssid=	elem=H	aloc=H	
H25:-2.71600 1.36800 -3.872 ;type=UNK	name= 	num=1	chain= 	ss=	ssid=	elem=H	aloc=H	
H24:0.430000 -1.367 1.206 ;type=UNK	name= 	num=1	chain= 	ss=	ssid=	elem=H	aloc=H	
H23:3.32800 1.29900 1.86500 ;type=UNK	name= 	num=1	chain= 	ss=	ssid=	elem=H	aloc=H	
H22:1.061 0.926 1.645 ;type=UNK	name= 	num=1	chain= 	ss=	ssid=	elem=H	aloc=H	
H21:4.062 1.22500 -0.981000 ;type=UNK	name= 	num=1	chain= 	ss=	ssid=	elem=H	aloc=H	
H20:1.227 1.54100 -1.33200 ;type=UNK	name= 	num=1	chain= 	ss=	ssid=	elem=H	aloc=H	
N19:-4.10300 -1.989 -1.265 ;type=UNK	name= 	num=1	chain= 	ss=	ssid=	elem=N	aloc=N	
C18:-1.04100 0.0700000 -1.33700 ;type=UNK	name= 	num=1	chain= 	ss=	ssid=	elem=C	aloc=C	
N17:-1.339 0.858 -2.379 ;type=UNK	name= 	num=1	chain= 	ss=	ssid=	elem=N	aloc=N	
C16:-2.5 0.721000 -3.03500 ;type=UNK	name= 	num=1	chain= 	ss=	ssid=	elem=C	aloc=C	
N15:-3.395 -0.206000 -2.669 ;type=UNK	name= 	num=1	chain= 	ss=	ssid=	elem=N	aloc=N	
C14:-3.155 -1.02400 -1.635 ;type=UNK	name= 	num=1	chain= 	ss=	ssid=	elem=C	aloc=C	
C13:-1.953 -0.910000 -0.927 ;type=UNK	name= 	num=1	chain= 	ss=	ssid=	elem=C	aloc=C	
N12:-1.426 -1.55400 0.123000 ;type=UNK	name= 	num=1	chain= 	ss=	ssid=	elem=N	aloc=N	
C11:-0.222000 -1.04 0.409000 ;type=UNK	name= 	num=1	chain= 	ss=	ssid=	elem=C	aloc=C	
N10:0.047 -0.022 -0.487 ;type=UNK	name= 	num=1	chain= 	ss=	ssid=	elem=N	aloc=N	
O9:5.06300 -1.155 -0.634000 ;type=UNK	name= 	num=1	chain= 	ss=	ssid=	elem=O	aloc=O	
C8:4.599 -0.273000 0.392 ;type=UNK	name= 	num=1	chain= 	ss=	ssid=	elem=C	aloc=C	
O7:0.837000 2.80900 0.828000 ;type=UNK	name= 	num=1	chain= 	ss=	ssid=	elem=O	aloc=O	
C6:1.453 1.51900 0.822000 ;type=UNK	name= 	num=1	chain= 	ss=	ssid=	elem=C	aloc=C	
O5:3.376 2.968 0.577000 ;type=UNK	name= 	num=1	chain= 	ss=	ssid=	elem=O	aloc=O	
C4:2.988 1.627 0.885 ;type=UNK	name= 	num=1	chain= 	ss=	ssid=	elem=C	aloc=C	
C3:3.554 0.679000 -0.189 ;type=UNK	name= 	num=1	chain= 	ss=	ssid=	elem=C	aloc=C	
O2:2.412 -0.0260000 -0.682 ;type=UNK	name= 	num=1	chain= 	ss=	ssid=	elem=O	aloc=O	
C1:1.26 0.807 -0.53 ;type=UNK	name= 	num=1	chain= 	ss=	ssid=	elem=C	aloc=C	
N19-H32
N19-H31
N17-C18
C16-N17
C16-H25
N15-C16
C14-N19
C14-N15
C13-C18
C13-C14
N12-C13
C11-H24
C11-N12
N10-C11
N10-C18
O9-H30
C8-H28
C8-H29
C8-O9
O7-H26
C6-H22
C6-O7
O5-H27
C4-H23
C4-O5
C4-C6
C3-C4
C3-C8
C3-H21
O2-C3
C1-C6
C1-N10
C1-H20
C1-O2
;;start instance definitions here;;
;instancetext:http://www.molvent.com\
\
This file contains\
	32 atoms\
	34 bonds
