- = 0.180000 (0.499992,0.499992,0.499992)
N = 1.5, 0.600000 (0,0,1) ;N
P = 2.1, 0.740000 (0.850000,0.850000,0.5) ;P
O = 1.4, 0.58 (1,0,0) ;O
H = 0.9, 0.360000 (1,1,1) ;H
C = 1.5, 0.600000 (0.5,0.5,0.5) ;C
H39:-5.515 3.42600 0.319000 ;type=UNK	name= 	num=1	chain= 	ss=	ssid=	elem=H	aloc=H	
H38:-6.40700 3.26300 1.69700 ;type=UNK	name= 	num=1	chain= 	ss=	ssid=	elem=H	aloc=H	
H37:2.705 -1.56700 -1.788 ;type=UNK	name= 	num=1	chain= 	ss=	ssid=	elem=H	aloc=H	
H36:1.72500 -0.123000 -2.119 ;type=UNK	name= 	num=1	chain= 	ss=	ssid=	elem=H	aloc=H	
H35:0.342000 -4.09100 -1.86000 ;type=UNK	name= 	num=1	chain= 	ss=	ssid=	elem=H	aloc=H	
H34:-3.074 -2.645 -1.652 ;type=UNK	name= 	num=1	chain= 	ss=	ssid=	elem=H	aloc=H	
H33:-4.64300 -0.175 3.984 ;type=UNK	name= 	num=1	chain= 	ss=	ssid=	elem=H	aloc=H	
H32:-1.688 1.384 -1.673 ;type=UNK	name= 	num=1	chain= 	ss=	ssid=	elem=H	aloc=H	
H31:0.271 -1.99600 -2.49600 ;type=UNK	name= 	num=1	chain= 	ss=	ssid=	elem=H	aloc=H	
H30:-1.75800 -1.01 -2.00600 ;type=UNK	name= 	num=1	chain= 	ss=	ssid=	elem=H	aloc=H	
H29:1.418 -2.007 0.211 ;type=UNK	name= 	num=1	chain= 	ss=	ssid=	elem=H	aloc=H	
H28:-1.31400 -1.52300 0.962000 ;type=UNK	name= 	num=1	chain= 	ss=	ssid=	elem=H	aloc=H	
N27:-5.47100 3.32100 1.323 ;type=UNK	name= 	num=1	chain= 	ss=	ssid=	elem=N	aloc=N	
C26:-3.086 0.51 1.15100 ;type=UNK	name= 	num=1	chain= 	ss=	ssid=	elem=C	aloc=C	
N25:-3.42100 -0.122000 2.284 ;type=UNK	name= 	num=1	chain= 	ss=	ssid=	elem=N	aloc=N	
C24:-4.39200 0.353 3.076 ;type=UNK	name= 	num=1	chain= 	ss=	ssid=	elem=C	aloc=C	
N23:-5.055 1.474 2.76 ;type=UNK	name= 	num=1	chain= 	ss=	ssid=	elem=N	aloc=N	
C22:-4.76700 2.15100 1.64 ;type=UNK	name= 	num=1	chain= 	ss=	ssid=	elem=C	aloc=C	
C21:-3.75900 1.683 0.789 ;type=UNK	name= 	num=1	chain= 	ss=	ssid=	elem=C	aloc=C	
N20:-3.244 2.11500 -0.370000 ;type=UNK	name= 	num=1	chain= 	ss=	ssid=	elem=N	aloc=N	
C19:-2.27500 1.28100 -0.772000 ;type=UNK	name= 	num=1	chain= 	ss=	ssid=	elem=C	aloc=C	
N18:-2.15300 0.266000 0.159 ;type=UNK	name= 	num=1	chain= 	ss=	ssid=	elem=N	aloc=N	
O17:5.773 3.10100 -1.976 ;type=UNK	name= 	num=1	chain= 	ss=	ssid=	elem=O	aloc=O	
O16:7.152 1.07000 -1.51100 ;type=UNK	name= 	num=1	chain= 	ss=	ssid=	elem=O	aloc=O	
O15:7.033 2.89800 0.115000 ;type=UNK	name= 	num=1	chain= 	ss=	ssid=	elem=O	aloc=O	
P14:6.26200 2.146 -0.885 ;type=UNK	name= 	num=1	chain= 	ss=	ssid=	elem=P	aloc=P	
O13:5.028 1.46700 -0.192000 ;type=UNK	name= 	num=1	chain= 	ss=	ssid=	elem=O	aloc=O	
O12:3.64000 1.578 -2.306 ;type=UNK	name= 	num=1	chain= 	ss=	ssid=	elem=O	aloc=O	
O11:4.98500 -0.411000 -1.81700 ;type=UNK	name= 	num=1	chain= 	ss=	ssid=	elem=O	aloc=O	
P10:4.16 0.645 -1.211 ;type=UNK	name= 	num=1	chain= 	ss=	ssid=	elem=P	aloc=P	
O9:2.94700 -0.00600000 -0.458000 ;type=UNK	name= 	num=1	chain= 	ss=	ssid=	elem=O	aloc=O	
C8:2.11800 -0.77 -1.33800 ;type=UNK	name= 	num=1	chain= 	ss=	ssid=	elem=C	aloc=C	
O7:-2.346 -2.72600 -1.01600 ;type=UNK	name= 	num=1	chain= 	ss=	ssid=	elem=O	aloc=O	
C6:-1.41700 -1.653 -1.19700 ;type=UNK	name= 	num=1	chain= 	ss=	ssid=	elem=C	aloc=C	
O5:0.0700000 -3.56 -1.09500 ;type=UNK	name= 	num=1	chain= 	ss=	ssid=	elem=O	aloc=O	
C4:0.00800000 -2.178 -1.456 ;type=UNK	name= 	num=1	chain= 	ss=	ssid=	elem=C	aloc=C	
C3:0.959 -1.37600 -0.548 ;type=UNK	name= 	num=1	chain= 	ss=	ssid=	elem=C	aloc=C	
O2:0.131 -0.366 0.0350000 ;type=UNK	name= 	num=1	chain= 	ss=	ssid=	elem=O	aloc=O	
C1:-1.21000 -0.860000 0.106 ;type=UNK	name= 	num=1	chain= 	ss=	ssid=	elem=C	aloc=C	
N27-H38
N27-H39
N25-C26
C24-H33
C24-N25
N23-C24
C22-N23
C22-N27
C21-C22
C21-C26
N20-C21
C19-N20
C19-H32
N18-C26
N18-C19
P14-O15
P14-O17
P14-O16
O13-P14
P10-O13
P10-O12
P10-O11
O9-P10
C8-O9
C8-H36
C8-H37
O7-H34
C6-O7
C6-H30
O5-H35
C4-O5
C4-C6
C4-H31
C3-H29
C3-C8
C3-C4
O2-C3
C1-H28
C1-N18
C1-O2
C1-C6
;;start instance definitions here;;
;instancetext:http://www.molvent.com\
\
This file contains\
	39 atoms\
	41 bonds
