- = 0.180000 (0.499992,0.499992,0.499992)
N = 1.5, 0.600000 (0,0,1) ;N
P = 2.1, 0.740000 (0.850000,0.850000,0.5) ;P
O = 1.4, 0.58 (1,0,0) ;O
H = 0.9, 0.360000 (1,1,1) ;H
C = 1.5, 0.600000 (0.5,0.5,0.5) ;C
H35:-4.758 2.74900 0.209000 ;type=UNK	name= 	num=1	chain= 	ss=	ssid=	elem=H	aloc=H	
H34:-5.718 2.498 1.527 ;type=UNK	name= 	num=1	chain= 	ss=	ssid=	elem=H	aloc=H	
H33:4.179 -1.145 -1.175 ;type=UNK	name= 	num=1	chain= 	ss=	ssid=	elem=H	aloc=H	
H32:3.043 0.147 -1.617 ;type=UNK	name= 	num=1	chain= 	ss=	ssid=	elem=H	aloc=H	
H31:2.18000 -3.96300 -1.329 ;type=UNK	name= 	num=1	chain= 	ss=	ssid=	elem=H	aloc=H	
H30:-1.403 -2.98300 -1.4 ;type=UNK	name= 	num=1	chain= 	ss=	ssid=	elem=H	aloc=H	
H29:-3.685 -0.621 4.036 ;type=UNK	name= 	num=1	chain= 	ss=	ssid=	elem=H	aloc=H	
H28:-0.562 1.19400 -1.45200 ;type=UNK	name= 	num=1	chain= 	ss=	ssid=	elem=H	aloc=H	
H27:1.879 -1.91100 -2.033 ;type=UNK	name= 	num=1	chain= 	ss=	ssid=	elem=H	aloc=H	
H26:-0.292 -1.19500 -1.714 ;type=UNK	name= 	num=1	chain= 	ss=	ssid=	elem=H	aloc=H	
H25:2.82 -1.709 0.744000 ;type=UNK	name= 	num=1	chain= 	ss=	ssid=	elem=H	aloc=H	
H24:0.00100000 -1.578 1.29200 ;type=UNK	name= 	num=1	chain= 	ss=	ssid=	elem=H	aloc=H	
N23:-4.773 2.67300 1.216 ;type=UNK	name= 	num=1	chain= 	ss=	ssid=	elem=N	aloc=N	
C22:-2.03200 0.203 1.29600 ;type=UNK	name= 	num=1	chain= 	ss=	ssid=	elem=C	aloc=C	
N21:-2.362 -0.443 2.422 ;type=UNK	name= 	num=1	chain= 	ss=	ssid=	elem=N	aloc=N	
C20:-3.441 -0.084 3.13100 ;type=UNK	name= 	num=1	chain= 	ss=	ssid=	elem=C	aloc=C	
N19:-4.22200 0.930000 2.735 ;type=UNK	name= 	num=1	chain= 	ss=	ssid=	elem=N	aloc=N	
C18:-3.945 1.61500 1.617 ;type=UNK	name= 	num=1	chain= 	ss=	ssid=	elem=C	aloc=C	
C17:-2.826 1.26800 0.852 ;type=UNK	name= 	num=1	chain= 	ss=	ssid=	elem=C	aloc=C	
N16:-2.29 1.739 -0.283 ;type=UNK	name= 	num=1	chain= 	ss=	ssid=	elem=N	aloc=N	
C15:-1.19400 1.033 -0.591000 ;type=UNK	name= 	num=1	chain= 	ss=	ssid=	elem=C	aloc=C	
N14:-1.007 0.0640000 0.378 ;type=UNK	name= 	num=1	chain= 	ss=	ssid=	elem=N	aloc=N	
O13:4.725 2.08400 -1.726 ;type=UNK	name= 	num=1	chain= 	ss=	ssid=	elem=O	aloc=O	
O12:6.32200 0.266000 -1.10500 ;type=UNK	name= 	num=1	chain= 	ss=	ssid=	elem=O	aloc=O	
O11:5.917 2.146 0.413 ;type=UNK	name= 	num=1	chain= 	ss=	ssid=	elem=O	aloc=O	
P10:5.284 1.254 -0.569000 ;type=UNK	name= 	num=1	chain= 	ss=	ssid=	elem=P	aloc=P	
O9:4.11600 0.463 0.12 ;type=UNK	name= 	num=1	chain= 	ss=	ssid=	elem=O	aloc=O	
C8:3.46000 -0.424 -0.791000 ;type=UNK	name= 	num=1	chain= 	ss=	ssid=	elem=C	aloc=C	
O7:-0.718 -2.951 -0.714 ;type=UNK	name= 	num=1	chain= 	ss=	ssid=	elem=O	aloc=O	
C6:0.072 -1.76900 -0.864000 ;type=UNK	name= 	num=1	chain= 	ss=	ssid=	elem=C	aloc=C	
O5:1.78600 -3.45700 -0.601000 ;type=UNK	name= 	num=1	chain= 	ss=	ssid=	elem=O	aloc=O	
C4:1.568 -2.10400 -1.00800 ;type=UNK	name= 	num=1	chain= 	ss=	ssid=	elem=C	aloc=C	
C3:2.337 -1.162 -0.0630000 ;type=UNK	name= 	num=1	chain= 	ss=	ssid=	elem=C	aloc=C	
O2:1.344 -0.26 0.430000 ;type=UNK	name= 	num=1	chain= 	ss=	ssid=	elem=O	aloc=O	
C1:0.0790000 -0.926 0.424 ;type=UNK	name= 	num=1	chain= 	ss=	ssid=	elem=C	aloc=C	
N23-H34
N23-H35
N21-C22
C20-H29
C20-N21
N19-C20
C18-N19
C18-N23
C17-C18
C17-C22
N16-C17
C15-N16
C15-H28
N14-C22
N14-C15
P10-O11
P10-O13
P10-O12
O9-P10
C8-O9
C8-H32
C8-H33
O7-H30
C6-O7
C6-H26
O5-H31
C4-O5
C4-C6
C4-H27
C3-H25
C3-C8
C3-C4
O2-C3
C1-H24
C1-O2
C1-N14
C1-C6
;;start instance definitions here;;
;instancetext:http://www.molvent.com\
\
This file contains\
	35 atoms\
	37 bonds
