- = 0.180000 (0.499992,0.499992,0.499992)
N = 1.5, 0.600000 (0,0,1) ;N
P = 2.1, 0.740000 (0.850000,0.850000,0.5) ;P
O = 1.4, 0.58 (1,0,0) ;O
H = 0.9, 0.360000 (1,1,1) ;H
C = 1.5, 0.600000 (0.5,0.5,0.5) ;C
H33:-5.22700 1.92100 -0.64 ;type=UNK	name= 	num=1	chain= 	ss=	ssid=	elem=H	aloc=H	
H32:-6.24900 1.18 0.421000 ;type=UNK	name= 	num=1	chain= 	ss=	ssid=	elem=H	aloc=H	
H31:0.231000 -2.47600 -1.89900 ;type=UNK	name= 	num=1	chain= 	ss=	ssid=	elem=H	aloc=H	
H30:-3.74200 -1.57200 2.931 ;type=UNK	name= 	num=1	chain= 	ss=	ssid=	elem=H	aloc=H	
H29:-0.547 1.979 -1.579 ;type=UNK	name= 	num=1	chain= 	ss=	ssid=	elem=H	aloc=H	
H28:2.908 -0.476000 0.716000 ;type=UNK	name= 	num=1	chain= 	ss=	ssid=	elem=H	aloc=H	
H27:2.35 0.537000 -2.011 ;type=UNK	name= 	num=1	chain= 	ss=	ssid=	elem=H	aloc=H	
H26:0.305000 -0.359 -2.02200 ;type=UNK	name= 	num=1	chain= 	ss=	ssid=	elem=H	aloc=H	
H25:0.398000 -0.913 0.908 ;type=UNK	name= 	num=1	chain= 	ss=	ssid=	elem=H	aloc=H	
H24:4.17600 1.57000 1.01800 ;type=UNK	name= 	num=1	chain= 	ss=	ssid=	elem=H	aloc=H	
H23:3.781 2.08100 -0.616 ;type=UNK	name= 	num=1	chain= 	ss=	ssid=	elem=H	aloc=H	
N22:-5.375 1.676 0.329 ;type=UNK	name= 	num=1	chain= 	ss=	ssid=	elem=N	aloc=N	
C21:-2.033 0.152 0.689000 ;type=UNK	name= 	num=1	chain= 	ss=	ssid=	elem=C	aloc=C	
N20:-2.31 -0.742 1.64800 ;type=UNK	name= 	num=1	chain= 	ss=	ssid=	elem=N	aloc=N	
C19:-3.54500 -0.843 2.159 ;type=UNK	name= 	num=1	chain= 	ss=	ssid=	elem=C	aloc=C	
N18:-4.53800 -0.055 1.727 ;type=UNK	name= 	num=1	chain= 	ss=	ssid=	elem=N	aloc=N	
C17:-4.325 0.859000 0.77 ;type=UNK	name= 	num=1	chain= 	ss=	ssid=	elem=C	aloc=C	
C16:-3.047 0.992 0.214000 ;type=UNK	name= 	num=1	chain= 	ss=	ssid=	elem=C	aloc=C	
N15:-2.52 1.78400 -0.730000 ;type=UNK	name= 	num=1	chain= 	ss=	ssid=	elem=N	aloc=N	
C14:-1.22000 1.497 -0.886 ;type=UNK	name= 	num=1	chain= 	ss=	ssid=	elem=C	aloc=C	
N13:-0.887000 0.479000 -0.011 ;type=UNK	name= 	num=1	chain= 	ss=	ssid=	elem=N	aloc=N	
O12:4.805 0.558000 -3.011 ;type=UNK	name= 	num=1	chain= 	ss=	ssid=	elem=O	aloc=O	
O11:5.904 -1.31700 -2.008 ;type=UNK	name= 	num=1	chain= 	ss=	ssid=	elem=O	aloc=O	
O10:0.800000 -2.17100 -1.17400 ;type=UNK	name= 	num=1	chain= 	ss=	ssid=	elem=O	aloc=O	
C9:0.897000 -0.745000 -1.19500 ;type=UNK	name= 	num=1	chain= 	ss=	ssid=	elem=C	aloc=C	
C8:2.36400 -0.29 -1.305 ;type=UNK	name= 	num=1	chain= 	ss=	ssid=	elem=C	aloc=C	
O7:3.43700 -1.14300 -1.714 ;type=UNK	name= 	num=1	chain= 	ss=	ssid=	elem=O	aloc=O	
P6:4.80100 -0.369 -1.79400 ;type=UNK	name= 	num=1	chain= 	ss=	ssid=	elem=P	aloc=P	
O5:5.055 0.462000 -0.486000 ;type=UNK	name= 	num=1	chain= 	ss=	ssid=	elem=O	aloc=O	
C4:3.94600 1.211 0.0170000 ;type=UNK	name= 	num=1	chain= 	ss=	ssid=	elem=C	aloc=C	
C3:2.665 0.357 0.06 ;type=UNK	name= 	num=1	chain= 	ss=	ssid=	elem=C	aloc=C	
O2:1.40100 0.855000 0.506 ;type=UNK	name= 	num=1	chain= 	ss=	ssid=	elem=O	aloc=O	
C1:0.438 -0.139 0.145 ;type=UNK	name= 	num=1	chain= 	ss=	ssid=	elem=C	aloc=C	
N22-H32
N22-H33
N20-C21
C19-H30
C19-N20
N18-C19
C17-N18
C17-N22
C16-C17
C16-C21
N15-C16
C14-N15
C14-H29
N13-C21
N13-C14
O10-H31
C9-O10
C9-H26
C8-C9
C8-H27
O7-C8
P6-O7
P6-O12
P6-O11
O5-P6
C4-H24
C4-H23
C4-O5
C3-H28
C3-C4
C3-C8
O2-C3
C1-H25
C1-O2
C1-N13
C1-C9
;;start instance definitions here;;
;instancetext:http://www.molvent.com\
\
This file contains\
	33 atoms\
	36 bonds
