- = 0.180000 (0.499992,0.499992,0.499992)
N = 1.5, 0.600000 (0,0,1) ;N
P = 2.1, 0.740000 (0.850000,0.850000,0.5) ;P
O = 1.4, 0.58 (1,0,0) ;O
H = 0.9, 0.360000 (1,1,1) ;H
C = 1.5, 0.600000 (0.5,0.5,0.5) ;C
H37:-5.71600 3.31500 1.528 ;type=UNK	name= 	num=1	chain= 	ss=	ssid=	elem=H	aloc=H	
H36:-5.12400 3.91300 0.11 ;type=UNK	name= 	num=1	chain= 	ss=	ssid=	elem=H	aloc=H	
H35:2.192 -1.494 -1.67900 ;type=UNK	name= 	num=1	chain= 	ss=	ssid=	elem=H	aloc=H	
H34:1.134 -0.094 -1.95200 ;type=UNK	name= 	num=1	chain= 	ss=	ssid=	elem=H	aloc=H	
H33:-0.038 -4.13500 -1.79700 ;type=UNK	name= 	num=1	chain= 	ss=	ssid=	elem=H	aloc=H	
H32:-3.52 -2.87700 -1.50100 ;type=UNK	name= 	num=1	chain= 	ss=	ssid=	elem=H	aloc=H	
H31:-3.55 -0.692 2.231 ;type=UNK	name= 	num=1	chain= 	ss=	ssid=	elem=H	aloc=H	
H30:-5.23400 1.14800 2.36100 ;type=UNK	name= 	num=1	chain= 	ss=	ssid=	elem=H	aloc=H	
H29:-0.226 -2.02900 -2.36700 ;type=UNK	name= 	num=1	chain= 	ss=	ssid=	elem=H	aloc=H	
H28:-2.297 -1.16600 -1.82200 ;type=UNK	name= 	num=1	chain= 	ss=	ssid=	elem=H	aloc=H	
H27:0.959 -2.06 0.322 ;type=UNK	name= 	num=1	chain= 	ss=	ssid=	elem=H	aloc=H	
H26:-1.78400 -1.74300 1.124 ;type=UNK	name= 	num=1	chain= 	ss=	ssid=	elem=H	aloc=H	
O25:-1.956 0.96 -1.63300 ;type=UNK	name= 	num=1	chain= 	ss=	ssid=	elem=O	aloc=O	
N24:-5.50600 3.096 0.565 ;type=UNK	name= 	num=1	chain= 	ss=	ssid=	elem=N	aloc=N	
C23:-3.59800 0.0630000 1.46000 ;type=UNK	name= 	num=1	chain= 	ss=	ssid=	elem=C	aloc=C	
C22:-4.542 1.094 1.53400 ;type=UNK	name= 	num=1	chain= 	ss=	ssid=	elem=C	aloc=C	
C21:-4.57100 2.053 0.515 ;type=UNK	name= 	num=1	chain= 	ss=	ssid=	elem=C	aloc=C	
N20:-3.70900 1.979 -0.508000 ;type=UNK	name= 	num=1	chain= 	ss=	ssid=	elem=N	aloc=N	
C19:-2.8 0.997 -0.592000 ;type=UNK	name= 	num=1	chain= 	ss=	ssid=	elem=C	aloc=C	
N18:-2.72600 0.0230000 0.387 ;type=UNK	name= 	num=1	chain= 	ss=	ssid=	elem=N	aloc=N	
O17:5.01000 3.33200 -1.76300 ;type=UNK	name= 	num=1	chain= 	ss=	ssid=	elem=O	aloc=O	
O16:6.49900 1.36300 -1.37800 ;type=UNK	name= 	num=1	chain= 	ss=	ssid=	elem=O	aloc=O	
O15:6.30900 3.133 0.305000 ;type=UNK	name= 	num=1	chain= 	ss=	ssid=	elem=O	aloc=O	
P14:5.56400 2.372 -0.708000 ;type=UNK	name= 	num=1	chain= 	ss=	ssid=	elem=P	aloc=P	
O13:4.377 1.60800 -0.02 ;type=UNK	name= 	num=1	chain= 	ss=	ssid=	elem=O	aloc=O	
O12:2.955 1.709 -2.112 ;type=UNK	name= 	num=1	chain= 	ss=	ssid=	elem=O	aloc=O	
O11:4.408 -0.219 -1.701 ;type=UNK	name= 	num=1	chain= 	ss=	ssid=	elem=O	aloc=O	
P10:3.53900 0.773000 -1.05200 ;type=UNK	name= 	num=1	chain= 	ss=	ssid=	elem=P	aloc=P	
O9:2.37100 0.0370000 -0.304 ;type=UNK	name= 	num=1	chain= 	ss=	ssid=	elem=O	aloc=O	
C8:1.571 -0.743 -1.196 ;type=UNK	name= 	num=1	chain= 	ss=	ssid=	elem=C	aloc=C	
O7:-2.78 -2.938 -0.878000 ;type=UNK	name= 	num=1	chain= 	ss=	ssid=	elem=O	aloc=O	
C6:-1.91100 -1.81400 -1.038 ;type=UNK	name= 	num=1	chain= 	ss=	ssid=	elem=C	aloc=C	
O5:-0.325 -3.642 -1.012 ;type=UNK	name= 	num=1	chain= 	ss=	ssid=	elem=O	aloc=O	
C4:-0.465000 -2.25500 -1.33000 ;type=UNK	name= 	num=1	chain= 	ss=	ssid=	elem=C	aloc=C	
C3:0.456000 -1.43200 -0.41 ;type=UNK	name= 	num=1	chain= 	ss=	ssid=	elem=C	aloc=C	
O2:-0.415 -0.485000 0.214000 ;type=UNK	name= 	num=1	chain= 	ss=	ssid=	elem=O	aloc=O	
C1:-1.726 -1.05 0.287000 ;type=UNK	name= 	num=1	chain= 	ss=	ssid=	elem=C	aloc=C	
N24-H37
N24-H36
C23-H31
C22-H30
C22-C23
C21-C22
C21-N24
N20-C21
C19-N20
C19-O25
N18-C23
N18-C19
P14-O15
P14-O17
P14-O16
O13-P14
P10-O13
P10-O12
P10-O11
O9-P10
C8-O9
C8-H34
C8-H35
O7-H32
C6-O7
C6-H28
O5-H33
C4-O5
C4-C6
C4-H29
C3-H27
C3-C8
C3-C4
O2-C3
C1-H26
C1-N18
C1-C6
C1-O2
;;start instance definitions here;;
;instancetext:http://www.molvent.com\
\
This file contains\
	37 atoms\
	38 bonds
