- = 0.180000 (0.499992,0.499992,0.499992)
N = 1.5, 0.600000 (0,0,1) ;N
P = 2.1, 0.740000 (0.850000,0.850000,0.5) ;P
O = 1.4, 0.58 (1,0,0) ;O
H = 0.9, 0.360000 (1,1,1) ;H
C = 1.5, 0.600000 (0.5,0.5,0.5) ;C
H33:-5.05600 2.67300 1.38800 ;type=UNK	name= 	num=1	chain= 	ss=	ssid=	elem=H	aloc=H	
H32:-4.44700 3.359 0.018 ;type=UNK	name= 	num=1	chain= 	ss=	ssid=	elem=H	aloc=H	
H31:3.725 -0.874000 -1.11500 ;type=UNK	name= 	num=1	chain= 	ss=	ssid=	elem=H	aloc=H	
H30:2.49300 0.351000 -1.48800 ;type=UNK	name= 	num=1	chain= 	ss=	ssid=	elem=H	aloc=H	
H29:1.93700 -3.82100 -1.39 ;type=UNK	name= 	num=1	chain= 	ss=	ssid=	elem=H	aloc=H	
H28:-1.708 -3.106 -1.392 ;type=UNK	name= 	num=1	chain= 	ss=	ssid=	elem=H	aloc=H	
H27:-2.375 -0.961000 2.304 ;type=UNK	name= 	num=1	chain= 	ss=	ssid=	elem=H	aloc=H	
H26:-4.32200 0.602 2.27900 ;type=UNK	name= 	num=1	chain= 	ss=	ssid=	elem=H	aloc=H	
H25:1.48000 -1.76600 -1.994 ;type=UNK	name= 	num=1	chain= 	ss=	ssid=	elem=H	aloc=H	
H24:-0.735000 -1.22800 -1.62800 ;type=UNK	name= 	num=1	chain= 	ss=	ssid=	elem=H	aloc=H	
H23:2.431 -1.62600 0.783 ;type=UNK	name= 	num=1	chain= 	ss=	ssid=	elem=H	aloc=H	
H22:-0.385 -1.729 1.35500 ;type=UNK	name= 	num=1	chain= 	ss=	ssid=	elem=H	aloc=H	
O21:-0.737 0.924000 -1.43200 ;type=UNK	name= 	num=1	chain= 	ss=	ssid=	elem=O	aloc=O	
N20:-4.737 2.49200 0.447 ;type=UNK	name= 	num=1	chain= 	ss=	ssid=	elem=N	aloc=N	
C19:-2.472 -0.22 1.52400 ;type=UNK	name= 	num=1	chain= 	ss=	ssid=	elem=C	aloc=C	
C18:-3.564 0.656000 1.51100 ;type=UNK	name= 	num=1	chain= 	ss=	ssid=	elem=C	aloc=C	
C17:-3.65400 1.60300 0.484 ;type=UNK	name= 	num=1	chain= 	ss=	ssid=	elem=C	aloc=C	
N16:-2.70900 1.662 -0.464 ;type=UNK	name= 	num=1	chain= 	ss=	ssid=	elem=N	aloc=N	
C15:-1.65900 0.83 -0.464 ;type=UNK	name= 	num=1	chain= 	ss=	ssid=	elem=C	aloc=C	
N14:-1.51900 -0.124 0.526000 ;type=UNK	name= 	num=1	chain= 	ss=	ssid=	elem=N	aloc=N	
O13:4.028 2.41000 -1.51600 ;type=UNK	name= 	num=1	chain= 	ss=	ssid=	elem=O	aloc=O	
O12:5.76000 0.687 -0.992 ;type=UNK	name= 	num=1	chain= 	ss=	ssid=	elem=O	aloc=O	
O11:5.233 2.45900 0.617 ;type=UNK	name= 	num=1	chain= 	ss=	ssid=	elem=O	aloc=O	
P10:4.65700 1.56900 -0.403 ;type=UNK	name= 	num=1	chain= 	ss=	ssid=	elem=P	aloc=P	
O9:3.557 0.663 0.255 ;type=UNK	name= 	num=1	chain= 	ss=	ssid=	elem=O	aloc=O	
C8:2.96000 -0.227 -0.693000 ;type=UNK	name= 	num=1	chain= 	ss=	ssid=	elem=C	aloc=C	
O7:-1.02 -3.056 -0.71 ;type=UNK	name= 	num=1	chain= 	ss=	ssid=	elem=O	aloc=O	
C6:-0.321000 -1.813 -0.809000 ;type=UNK	name= 	num=1	chain= 	ss=	ssid=	elem=C	aloc=C	
O5:1.515 -3.38000 -0.637000 ;type=UNK	name= 	num=1	chain= 	ss=	ssid=	elem=O	aloc=O	
C4:1.19400 -2.02900 -0.978 ;type=UNK	name= 	num=1	chain= 	ss=	ssid=	elem=C	aloc=C	
C3:1.90100 -1.079 0.00600000 ;type=UNK	name= 	num=1	chain= 	ss=	ssid=	elem=C	aloc=C	
O2:0.849 -0.276 0.548 ;type=UNK	name= 	num=1	chain= 	ss=	ssid=	elem=O	aloc=O	
C1:-0.364 -1.033 0.519 ;type=UNK	name= 	num=1	chain= 	ss=	ssid=	elem=C	aloc=C	
N20-H33
N20-H32
C19-H27
C18-H26
C18-C19
C17-C18
C17-N20
N16-C17
C15-N16
C15-O21
N14-C19
N14-C15
P10-O11
P10-O13
P10-O12
O9-P10
C8-O9
C8-H30
C8-H31
O7-H28
C6-O7
C6-H24
O5-H29
C4-O5
C4-C6
C4-H25
C3-H23
C3-C8
C3-C4
O2-C3
C1-H22
C1-O2
C1-N14
C1-C6
;;start instance definitions here;;
;instancetext:http://www.molvent.com\
\
This file contains\
	33 atoms\
	34 bonds
