- = 0.180000 (0.499992,0.499992,0.499992)
O = 1.4, 0.58 (1,0,0) ;O
H = 0.9, 0.360000 (1,1,1) ;H
C = 1.5, 0.600000 (0.5,0.5,0.5) ;C
H28:-5.462 -0.996 -1.41700 ;type=UNK	name= 	num=1	chain= 	ss=	ssid=	elem=H	aloc=H	
H27:-2.52200 -0.669000 -2.995 ;type=UNK	name= 	num=1	chain= 	ss=	ssid=	elem=H	aloc=H	
H26:-3.89700 0.588 -0.709 ;type=UNK	name= 	num=1	chain= 	ss=	ssid=	elem=H	aloc=H	
H25:-3.89700 -0.866 0.313 ;type=UNK	name= 	num=1	chain= 	ss=	ssid=	elem=H	aloc=H	
H24:-2.531 1.555 0.169 ;type=UNK	name= 	num=1	chain= 	ss=	ssid=	elem=H	aloc=H	
H23:-2.02200 -1.79600 -1.01 ;type=UNK	name= 	num=1	chain= 	ss=	ssid=	elem=H	aloc=H	
H22:-0.162000 -2.126 -0.980000 ;type=UNK	name= 	num=1	chain= 	ss=	ssid=	elem=H	aloc=H	
H21:-1.537 -0.399 0.977 ;type=UNK	name= 	num=1	chain= 	ss=	ssid=	elem=H	aloc=H	
H20:1.321 2.317 1.252 ;type=UNK	name= 	num=1	chain= 	ss=	ssid=	elem=H	aloc=H	
H19:0.337000 0.124 -1.36800 ;type=UNK	name= 	num=1	chain= 	ss=	ssid=	elem=H	aloc=H	
H18:0.822000 0.0670000 1.64 ;type=UNK	name= 	num=1	chain= 	ss=	ssid=	elem=H	aloc=H	
H17:5.55100 0.819000 1.165 ;type=UNK	name= 	num=1	chain= 	ss=	ssid=	elem=H	aloc=H	
H16:3.475 0.439000 2.169 ;type=UNK	name= 	num=1	chain= 	ss=	ssid=	elem=H	aloc=H	
H15:3.475 1.892 1.147 ;type=UNK	name= 	num=1	chain= 	ss=	ssid=	elem=H	aloc=H	
O14:2.76200 -0.468 -0.665000 ;type=UNK	name= 	num=1	chain= 	ss=	ssid=	elem=O	aloc=O	
O13:-1.958 -0.221000 -2.34500 ;type=UNK	name= 	num=1	chain= 	ss=	ssid=	elem=O	aloc=O	
O12:-4.529 -1.14800 -1.63300 ;type=UNK	name= 	num=1	chain= 	ss=	ssid=	elem=O	aloc=O	
C11:-3.69300 -0.481000 -0.684000 ;type=UNK	name= 	num=1	chain= 	ss=	ssid=	elem=C	aloc=C	
C10:-2.22600 -0.727 -1.035 ;type=UNK	name= 	num=1	chain= 	ss=	ssid=	elem=C	aloc=C	
O9:-1.602 1.39 -0.053 ;type=UNK	name= 	num=1	chain= 	ss=	ssid=	elem=O	aloc=O	
C8:-1.333 -0.0140000 -0.02 ;type=UNK	name= 	num=1	chain= 	ss=	ssid=	elem=C	aloc=C	
O7:0.402000 -1.665 -0.338 ;type=UNK	name= 	num=1	chain= 	ss=	ssid=	elem=O	aloc=O	
C6:0.133000 -0.261000 -0.371 ;type=UNK	name= 	num=1	chain= 	ss=	ssid=	elem=C	aloc=C	
O5:0.758000 1.856 0.610000 ;type=UNK	name= 	num=1	chain= 	ss=	ssid=	elem=O	aloc=O	
C4:1.02600 0.452 0.643000 ;type=UNK	name= 	num=1	chain= 	ss=	ssid=	elem=C	aloc=C	
C3:2.47600 0.208000 0.296000 ;type=UNK	name= 	num=1	chain= 	ss=	ssid=	elem=C	aloc=C	
O2:4.843 0.437000 0.622 ;type=UNK	name= 	num=1	chain= 	ss=	ssid=	elem=O	aloc=O	
C1:3.567 0.808000 1.15 ;type=UNK	name= 	num=1	chain= 	ss=	ssid=	elem=C	aloc=C	
O13-H27
O12-H28
C11-H25
C11-H26
C11-O12
C10-C11
C10-H23
C10-O13
O9-H24
C8-H21
C8-O9
C8-C10
O7-H22
C6-C8
C6-O7
C6-H19
O5-H20
C4-H18
C4-O5
C4-C6
C3-C4
C3-O14
O2-H17
C1-H16
C1-H15
C1-O2
C1-C3
;;start instance definitions here;;
;instancetext:http://www.molvent.com\
\
This file contains\
	28 atoms\
	27 bonds
