- = 0.180000 (0.499992,0.499992,0.499992)
N = 1.5, 0.600000 (0,0,1) ;N
P = 2.1, 0.740000 (0.850000,0.850000,0.5) ;P
O = 1.4, 0.58 (1,0,0) ;O
H = 0.9, 0.360000 (1,1,1) ;H
C = 1.5, 0.600000 (0.5,0.5,0.5) ;C
H36:-5.383 -0.337000 3.96700 ;type=UNK	name= 	num=1	chain= 	ss=	ssid=	elem=H	aloc=H	
H35:-4.33 -1.543 3.56900 ;type=UNK	name= 	num=1	chain= 	ss=	ssid=	elem=H	aloc=H	
H34:4.192 -1.775 -0.191 ;type=UNK	name= 	num=1	chain= 	ss=	ssid=	elem=H	aloc=H	
H33:3.564 -0.116 -0.287000 ;type=UNK	name= 	num=1	chain= 	ss=	ssid=	elem=H	aloc=H	
H32:1.629 -3.61400 -1.60800 ;type=UNK	name= 	num=1	chain= 	ss=	ssid=	elem=H	aloc=H	
H31:-1.46000 -1.56 -1.79600 ;type=UNK	name= 	num=1	chain= 	ss=	ssid=	elem=H	aloc=H	
H30:-4.91 1.91700 3.56900 ;type=UNK	name= 	num=1	chain= 	ss=	ssid=	elem=H	aloc=H	
H29:0.415 1.93400 -0.237000 ;type=UNK	name= 	num=1	chain= 	ss=	ssid=	elem=H	aloc=H	
H28:2.04 -1.46300 -1.563 ;type=UNK	name= 	num=1	chain= 	ss=	ssid=	elem=H	aloc=H	
H27:0.115000 -0.218 -1.29900 ;type=UNK	name= 	num=1	chain= 	ss=	ssid=	elem=H	aloc=H	
H26:2.32500 -2.42300 1.201 ;type=UNK	name= 	num=1	chain= 	ss=	ssid=	elem=H	aloc=H	
H25:-0.413 -1.563 1.38100 ;type=UNK	name= 	num=1	chain= 	ss=	ssid=	elem=H	aloc=H	
O24:-3.74600 3.77 2.19400 ;type=UNK	name= 	num=1	chain= 	ss=	ssid=	elem=O	aloc=O	
N23:-4.411 -0.614000 3.95600 ;type=UNK	name= 	num=1	chain= 	ss=	ssid=	elem=N	aloc=N	
C22:-1.861 0.688000 1.75300 ;type=UNK	name= 	num=1	chain= 	ss=	ssid=	elem=C	aloc=C	
N21:-2.58800 -0.140000 2.51600 ;type=UNK	name= 	num=1	chain= 	ss=	ssid=	elem=N	aloc=N	
C20:-3.678 0.286000 3.169 ;type=UNK	name= 	num=1	chain= 	ss=	ssid=	elem=C	aloc=C	
N19:-4.087 1.60300 3.074 ;type=UNK	name= 	num=1	chain= 	ss=	ssid=	elem=N	aloc=N	
C18:-3.36400 2.49000 2.297 ;type=UNK	name= 	num=1	chain= 	ss=	ssid=	elem=C	aloc=C	
C17:-2.227 2.033 1.62000 ;type=UNK	name= 	num=1	chain= 	ss=	ssid=	elem=C	aloc=C	
N16:-1.33800 2.626 0.811 ;type=UNK	name= 	num=1	chain= 	ss=	ssid=	elem=N	aloc=N	
C15:-0.42 1.73300 0.418000 ;type=UNK	name= 	num=1	chain= 	ss=	ssid=	elem=C	aloc=C	
N14:-0.721000 0.511 0.992 ;type=UNK	name= 	num=1	chain= 	ss=	ssid=	elem=N	aloc=N	
O13:5.665 1.114 0.529 ;type=UNK	name= 	num=1	chain= 	ss=	ssid=	elem=O	aloc=O	
O12:6.549 -1.219 0.663 ;type=UNK	name= 	num=1	chain= 	ss=	ssid=	elem=O	aloc=O	
O11:6.298 0.140000 2.68600 ;type=UNK	name= 	num=1	chain= 	ss=	ssid=	elem=O	aloc=O	
P10:5.705 -0.16 1.375 ;type=UNK	name= 	num=1	chain= 	ss=	ssid=	elem=P	aloc=P	
O9:4.245 -0.702000 1.573 ;type=UNK	name= 	num=1	chain= 	ss=	ssid=	elem=O	aloc=O	
C8:3.61500 -1.01300 0.327 ;type=UNK	name= 	num=1	chain= 	ss=	ssid=	elem=C	aloc=C	
O7:-0.971000 -1.959 -1.06 ;type=UNK	name= 	num=1	chain= 	ss=	ssid=	elem=O	aloc=O	
C6:0.109 -1.106 -0.671000 ;type=UNK	name= 	num=1	chain= 	ss=	ssid=	elem=C	aloc=C	
O5:1.22000 -3.25200 -0.805000 ;type=UNK	name= 	num=1	chain= 	ss=	ssid=	elem=O	aloc=O	
C4:1.459 -1.84500 -0.726000 ;type=UNK	name= 	num=1	chain= 	ss=	ssid=	elem=C	aloc=C	
C3:2.202 -1.533 0.587000 ;type=UNK	name= 	num=1	chain= 	ss=	ssid=	elem=C	aloc=C	
O2:1.387 -0.552 1.234 ;type=UNK	name= 	num=1	chain= 	ss=	ssid=	elem=O	aloc=O	
C1:0.031 -0.741 0.823000 ;type=UNK	name= 	num=1	chain= 	ss=	ssid=	elem=C	aloc=C	
N23-H36
N23-H35
N21-C22
C20-N23
C20-N21
N19-H30
N19-C20
C18-N19
C18-O24
C17-C18
C17-C22
N16-C17
C15-N16
C15-H29
N14-C22
N14-C15
P10-O11
P10-O13
P10-O12
O9-P10
C8-O9
C8-H33
C8-H34
O7-H31
C6-H27
C6-O7
O5-H32
C4-C6
C4-H28
C4-O5
C3-H26
C3-C8
C3-C4
O2-C3
C1-H25
C1-O2
C1-N14
C1-C6
;;start instance definitions here;;
;instancetext:http://www.molvent.com\
\
This file contains\
	36 atoms\
	38 bonds
