- = 0.180000 (0.499992,0.499992,0.499992)
N = 1.5, 0.600000 (0,0,1) ;N
O = 1.4, 0.58 (1,0,0) ;O
H = 0.9, 0.360000 (1,1,1) ;H
C = 1.5, 0.600000 (0.5,0.5,0.5) ;C
H33:-4.554 -0.022 3.91000 ;type=UNK	name= 	num=1	chain= 	ss=	ssid=	elem=H	aloc=H	
H32:-3.596 -1.303 3.50900 ;type=UNK	name= 	num=1	chain= 	ss=	ssid=	elem=H	aloc=H	
H31:5.857 -0.808000 1.03100 ;type=UNK	name= 	num=1	chain= 	ss=	ssid=	elem=H	aloc=H	
H30:4.764 -2.181 -0.511 ;type=UNK	name= 	num=1	chain= 	ss=	ssid=	elem=H	aloc=H	
H29:4.24300 -0.487 -0.627 ;type=UNK	name= 	num=1	chain= 	ss=	ssid=	elem=H	aloc=H	
H28:2.041 -3.87800 -1.801 ;type=UNK	name= 	num=1	chain= 	ss=	ssid=	elem=H	aloc=H	
H27:-0.912000 -1.62800 -1.94200 ;type=UNK	name= 	num=1	chain= 	ss=	ssid=	elem=H	aloc=H	
H26:-3.948 2.18700 3.442 ;type=UNK	name= 	num=1	chain= 	ss=	ssid=	elem=H	aloc=H	
H25:1.23800 1.767 -0.529 ;type=UNK	name= 	num=1	chain= 	ss=	ssid=	elem=H	aloc=H	
H24:2.593 -1.759 -1.82200 ;type=UNK	name= 	num=1	chain= 	ss=	ssid=	elem=H	aloc=H	
H23:0.763000 -0.383 -1.528 ;type=UNK	name= 	num=1	chain= 	ss=	ssid=	elem=H	aloc=H	
H22:2.905 -2.67300 0.954 ;type=UNK	name= 	num=1	chain= 	ss=	ssid=	elem=H	aloc=H	
H21:0.237000 -1.63100 1.20000 ;type=UNK	name= 	num=1	chain= 	ss=	ssid=	elem=H	aloc=H	
O20:-2.712 3.928 1.986 ;type=UNK	name= 	num=1	chain= 	ss=	ssid=	elem=O	aloc=O	
N19:-3.603 -0.362 3.875 ;type=UNK	name= 	num=1	chain= 	ss=	ssid=	elem=N	aloc=N	
C18:-1.048 0.720000 1.56200 ;type=UNK	name= 	num=1	chain= 	ss=	ssid=	elem=C	aloc=C	
N17:-1.80200 -0.0410000 2.36700 ;type=UNK	name= 	num=1	chain= 	ss=	ssid=	elem=N	aloc=N	
C16:-2.84 0.47 3.044 ;type=UNK	name= 	num=1	chain= 	ss=	ssid=	elem=C	aloc=C	
N15:-3.165 1.80900 2.929 ;type=UNK	name= 	num=1	chain= 	ss=	ssid=	elem=N	aloc=N	
C14:-2.41100 2.62800 2.109 ;type=UNK	name= 	num=1	chain= 	ss=	ssid=	elem=C	aloc=C	
C13:-1.329 2.08200 1.407 ;type=UNK	name= 	num=1	chain= 	ss=	ssid=	elem=C	aloc=C	
N12:-0.431 2.597 0.557 ;type=UNK	name= 	num=1	chain= 	ss=	ssid=	elem=N	aloc=N	
C11:0.414000 1.637 0.157000 ;type=UNK	name= 	num=1	chain= 	ss=	ssid=	elem=C	aloc=C	
N10:0.053 0.45 0.769 ;type=UNK	name= 	num=1	chain= 	ss=	ssid=	elem=N	aloc=N	
O9:4.94500 -1.07500 1.224 ;type=UNK	name= 	num=1	chain= 	ss=	ssid=	elem=O	aloc=O	
C8:4.25500 -1.37100 0.00600000 ;type=UNK	name= 	num=1	chain= 	ss=	ssid=	elem=C	aloc=C	
O7:-0.426 -2.043 -1.21200 ;type=UNK	name= 	num=1	chain= 	ss=	ssid=	elem=O	aloc=O	
C6:0.720000 -1.255 -0.878000 ;type=UNK	name= 	num=1	chain= 	ss=	ssid=	elem=C	aloc=C	
O5:1.683 -3.472 -0.995000 ;type=UNK	name= 	num=1	chain= 	ss=	ssid=	elem=O	aloc=O	
C4:2.017 -2.08200 -0.958000 ;type=UNK	name= 	num=1	chain= 	ss=	ssid=	elem=C	aloc=C	
C3:2.82100 -1.79100 0.323000 ;type=UNK	name= 	num=1	chain= 	ss=	ssid=	elem=C	aloc=C	
O2:2.09400 -0.744000 0.972000 ;type=UNK	name= 	num=1	chain= 	ss=	ssid=	elem=O	aloc=O	
C1:0.715 -0.852 0.608 ;type=UNK	name= 	num=1	chain= 	ss=	ssid=	elem=C	aloc=C	
N19-H33
N19-H32
N17-C18
C16-N19
C16-N17
N15-H26
N15-C16
C14-N15
C14-O20
C13-C14
C13-C18
N12-C13
C11-N12
C11-H25
N10-C18
N10-C11
O9-H31
C8-O9
C8-H29
C8-H30
O7-H27
C6-H23
C6-O7
O5-H28
C4-C6
C4-H24
C4-O5
C3-H22
C3-C8
C3-C4
O2-C3
C1-H21
C1-O2
C1-N10
C1-C6
;;start instance definitions here;;
;instancetext:http://www.molvent.com\
\
This file contains\
	33 atoms\
	35 bonds
