- = 0.180000 (0.499992,0.499992,0.499992)
N = 1.5, 0.600000 (0,0,1) ;N
P = 2.1, 0.740000 (0.850000,0.850000,0.5) ;P
O = 1.4, 0.58 (1,0,0) ;O
H = 0.9, 0.360000 (1,1,1) ;H
C = 1.5, 0.600000 (0.5,0.5,0.5) ;C
H34:4.007 -1.375 -0.720000 ;type=UNK	name= 	num=1	chain= 	ss=	ssid=	elem=H	aloc=H	
H33:3.08800 -0.0450000 -1.45700 ;type=UNK	name= 	num=1	chain= 	ss=	ssid=	elem=H	aloc=H	
H32:1.78 -4.01300 -0.933000 ;type=UNK	name= 	num=1	chain= 	ss=	ssid=	elem=H	aloc=H	
H31:-1.632 -2.744 -1.67200 ;type=UNK	name= 	num=1	chain= 	ss=	ssid=	elem=H	aloc=H	
H30:-5.52 2.205 1.976 ;type=UNK	name= 	num=1	chain= 	ss=	ssid=	elem=H	aloc=H	
H29:-4.44600 0.342000 3.102 ;type=UNK	name= 	num=1	chain= 	ss=	ssid=	elem=H	aloc=H	
H28:-0.376 1.316 -1.97500 ;type=UNK	name= 	num=1	chain= 	ss=	ssid=	elem=H	aloc=H	
H27:1.79900 -2.03 -1.86300 ;type=UNK	name= 	num=1	chain= 	ss=	ssid=	elem=H	aloc=H	
H26:-0.312000 -1.102 -1.96700 ;type=UNK	name= 	num=1	chain= 	ss=	ssid=	elem=H	aloc=H	
H25:2.323 -1.612 0.999000 ;type=UNK	name= 	num=1	chain= 	ss=	ssid=	elem=H	aloc=H	
H24:-0.519 -1.183 1.07000 ;type=UNK	name= 	num=1	chain= 	ss=	ssid=	elem=H	aloc=H	
O23:-4.72900 3.399 -0.179000 ;type=UNK	name= 	num=1	chain= 	ss=	ssid=	elem=O	aloc=O	
C22:-2.339 0.755 0.58 ;type=UNK	name= 	num=1	chain= 	ss=	ssid=	elem=C	aloc=C	
N21:-2.896 0.261000 1.69400 ;type=UNK	name= 	num=1	chain= 	ss=	ssid=	elem=N	aloc=N	
C20:-4.028 0.768000 2.202 ;type=UNK	name= 	num=1	chain= 	ss=	ssid=	elem=C	aloc=C	
N19:-4.667 1.829 1.58700 ;type=UNK	name= 	num=1	chain= 	ss=	ssid=	elem=N	aloc=N	
C18:-4.127 2.37 0.434 ;type=UNK	name= 	num=1	chain= 	ss=	ssid=	elem=C	aloc=C	
C17:-2.94400 1.829 -0.083 ;type=UNK	name= 	num=1	chain= 	ss=	ssid=	elem=C	aloc=C	
N16:-2.198 2.129 -1.155 ;type=UNK	name= 	num=1	chain= 	ss=	ssid=	elem=N	aloc=N	
C15:-1.14400 1.303 -1.216 ;type=UNK	name= 	num=1	chain= 	ss=	ssid=	elem=C	aloc=C	
N14:-1.20500 0.432000 -0.143000 ;type=UNK	name= 	num=1	chain= 	ss=	ssid=	elem=N	aloc=N	
O13:4.954 1.71800 -1.47300 ;type=UNK	name= 	num=1	chain= 	ss=	ssid=	elem=O	aloc=O	
O12:6.24700 -0.152 -0.436 ;type=UNK	name= 	num=1	chain= 	ss=	ssid=	elem=O	aloc=O	
O11:5.80700 1.908 0.816 ;type=UNK	name= 	num=1	chain= 	ss=	ssid=	elem=O	aloc=O	
P10:5.244 0.972000 -0.168 ;type=UNK	name= 	num=1	chain= 	ss=	ssid=	elem=P	aloc=P	
O9:3.91100 0.362 0.393000 ;type=UNK	name= 	num=1	chain= 	ss=	ssid=	elem=O	aloc=O	
C8:3.31500 -0.558000 -0.525 ;type=UNK	name= 	num=1	chain= 	ss=	ssid=	elem=C	aloc=C	
O7:-1.06 -2.69700 -0.89 ;type=UNK	name= 	num=1	chain= 	ss=	ssid=	elem=O	aloc=O	
C6:-0.141000 -1.609 -1.02 ;type=UNK	name= 	num=1	chain= 	ss=	ssid=	elem=C	aloc=C	
O5:1.334 -3.399 -0.328000 ;type=UNK	name= 	num=1	chain= 	ss=	ssid=	elem=O	aloc=O	
C4:1.318 -2.08400 -0.889 ;type=UNK	name= 	num=1	chain= 	ss=	ssid=	elem=C	aloc=C	
C3:2.02600 -1.11500 0.077 ;type=UNK	name= 	num=1	chain= 	ss=	ssid=	elem=C	aloc=C	
O2:1.06500 -0.084 0.317000 ;type=UNK	name= 	num=1	chain= 	ss=	ssid=	elem=O	aloc=O	
C1:-0.245000 -0.637000 0.169 ;type=UNK	name= 	num=1	chain= 	ss=	ssid=	elem=C	aloc=C	
N21-C22
C20-H29
C20-N21
N19-C20
N19-H30
C18-N19
C18-O23
C17-C22
C17-C18
N16-C17
C15-N16
C15-H28
N14-C22
N14-C15
P10-O11
P10-O13
P10-O12
O9-P10
C8-O9
C8-H33
C8-H34
O7-H31
C6-O7
C6-H26
O5-H32
C4-O5
C4-H27
C4-C6
C3-H25
C3-C8
C3-C4
O2-C3
C1-H24
C1-O2
C1-N14
C1-C6
;;start instance definitions here;;
;instancetext:http://www.molvent.com\
\
This file contains\
	34 atoms\
	36 bonds
