- = 0.180000 (0.499992,0.499992,0.499992)
N = 1.5, 0.600000 (0,0,1) ;N
O = 1.4, 0.58 (1,0,0) ;O
H = 0.9, 0.360000 (1,1,1) ;H
C = 1.5, 0.600000 (0.5,0.5,0.5) ;C
H27:0.789 -2.945 0.752 ;type=UNK	name= 	num=1	chain= 	ss=	ssid=	elem=H	aloc=H	
H26:0.551 -2.057 -0.666000 ;type=UNK	name= 	num=1	chain= 	ss=	ssid=	elem=H	aloc=H	
H25:1.84000 -3.14400 -0.557 ;type=UNK	name= 	num=1	chain= 	ss=	ssid=	elem=H	aloc=H	
H24:2.63100 -0.869000 -0.323000 ;type=UNK	name= 	num=1	chain= 	ss=	ssid=	elem=H	aloc=H	
H23:1.925 0.369 1.74300 ;type=UNK	name= 	num=1	chain= 	ss=	ssid=	elem=H	aloc=H	
H22:0.71 -0.893000 2.041 ;type=UNK	name= 	num=1	chain= 	ss=	ssid=	elem=H	aloc=H	
H21:-3.28800 1.58000 -1.86300 ;type=UNK	name= 	num=1	chain= 	ss=	ssid=	elem=H	aloc=H	
H20:-1.537 -1.405 1.69000 ;type=UNK	name= 	num=1	chain= 	ss=	ssid=	elem=H	aloc=H	
H19:-3.954 -1.42400 1.134 ;type=UNK	name= 	num=1	chain= 	ss=	ssid=	elem=H	aloc=H	
H18:-4.83 0.0680000 -0.643000 ;type=UNK	name= 	num=1	chain= 	ss=	ssid=	elem=H	aloc=H	
H17:-0.542 2.356 -2.024 ;type=UNK	name= 	num=1	chain= 	ss=	ssid=	elem=H	aloc=H	
H16:1.66 1.688 -0.798 ;type=UNK	name= 	num=1	chain= 	ss=	ssid=	elem=H	aloc=H	
O15:2.807 -2.60800 2.461 ;type=UNK	name= 	num=1	chain= 	ss=	ssid=	elem=O	aloc=O	
O14:4.358 -1.83500 1.17700 ;type=UNK	name= 	num=1	chain= 	ss=	ssid=	elem=O	aloc=O	
C13:3.17100 -1.969 1.425 ;type=UNK	name= 	num=1	chain= 	ss=	ssid=	elem=C	aloc=C	
N12:1.26100 -2.464 -0.033 ;type=UNK	name= 	num=1	chain= 	ss=	ssid=	elem=N	aloc=N	
C11:-1.91900 -0.755 0.916000 ;type=UNK	name= 	num=1	chain= 	ss=	ssid=	elem=C	aloc=C	
C10:-3.283 -0.766 0.602 ;type=UNK	name= 	num=1	chain= 	ss=	ssid=	elem=C	aloc=C	
C9:-3.777 0.076 -0.401 ;type=UNK	name= 	num=1	chain= 	ss=	ssid=	elem=C	aloc=C	
C8:-2.90700 0.930000 -1.09000 ;type=UNK	name= 	num=1	chain= 	ss=	ssid=	elem=C	aloc=C	
C7:0.670000 1.295 -0.621 ;type=UNK	name= 	num=1	chain= 	ss=	ssid=	elem=C	aloc=C	
N6:-0.483000 1.668 -1.287 ;type=UNK	name= 	num=1	chain= 	ss=	ssid=	elem=N	aloc=N	
C5:-1.543 0.94 -0.776000 ;type=UNK	name= 	num=1	chain= 	ss=	ssid=	elem=C	aloc=C	
C4:-1.048 0.098 0.227 ;type=UNK	name= 	num=1	chain= 	ss=	ssid=	elem=C	aloc=C	
C3:0.331000 0.319000 0.324000 ;type=UNK	name= 	num=1	chain= 	ss=	ssid=	elem=C	aloc=C	
C2:1.28 -0.371 1.275 ;type=UNK	name= 	num=1	chain= 	ss=	ssid=	elem=C	aloc=C	
C1:2.13400 -1.375 0.502 ;type=UNK	name= 	num=1	chain= 	ss=	ssid=	elem=C	aloc=C	
C13-O15
C13-O14
N12-H27
N12-H25
N12-H26
C11-H20
C10-H19
C10-C11
C9-C10
C9-H18
C8-C9
C8-H21
C7-H16
N6-C7
N6-H17
C5-N6
C5-C8
C4-C11
C4-C5
C3-C7
C3-C4
C2-H22
C2-H23
C2-C3
C1-C13
C1-C2
C1-H24
C1-N12
;;start instance definitions here;;
;instancetext:http://www.molvent.com\
\
This file contains\
	27 atoms\
	28 bonds
