- = 0.180000 (0.499992,0.499992,0.499992)
N = 1.5, 0.600000 (0,0,1) ;N
O = 1.4, 0.58 (1,0,0) ;O
H = 0.9, 0.360000 (1,1,1) ;H
C = 1.5, 0.600000 (0.5,0.5,0.5) ;C
H39:0.633000 -3.79900 -1.83500 ;type=UNK	name= 	num=1	chain= 	ss=	ssid=	elem=H	aloc=H	
H38:-3.813 -0.503000 0.795000 ;type=UNK	name= 	num=1	chain= 	ss=	ssid=	elem=H	aloc=H	
H37:-4.36600 1.01900 0.0640000 ;type=UNK	name= 	num=1	chain= 	ss=	ssid=	elem=H	aloc=H	
H36:-4.83400 0.612 1.729 ;type=UNK	name= 	num=1	chain= 	ss=	ssid=	elem=H	aloc=H	
H35:1.267 -2.747 1.28600 ;type=UNK	name= 	num=1	chain= 	ss=	ssid=	elem=H	aloc=H	
H34:1.813 -1.81700 -1.459 ;type=UNK	name= 	num=1	chain= 	ss=	ssid=	elem=H	aloc=H	
H33:0.113 -1.522 -1.884 ;type=UNK	name= 	num=1	chain= 	ss=	ssid=	elem=H	aloc=H	
H32:0.119000 0.366 -1.79200 ;type=UNK	name= 	num=1	chain= 	ss=	ssid=	elem=H	aloc=H	
H31:-0.460000 -1.37100 0.52 ;type=UNK	name= 	num=1	chain= 	ss=	ssid=	elem=H	aloc=H	
H30:-0.794000 3.17100 -1.537 ;type=UNK	name= 	num=1	chain= 	ss=	ssid=	elem=H	aloc=H	
H29:-1.69500 0.849 -0.153 ;type=UNK	name= 	num=1	chain= 	ss=	ssid=	elem=H	aloc=H	
H28:1.90100 0.381000 -0.281 ;type=UNK	name= 	num=1	chain= 	ss=	ssid=	elem=H	aloc=H	
H27:4.22900 2.92400 0.545000 ;type=UNK	name= 	num=1	chain= 	ss=	ssid=	elem=H	aloc=H	
H26:-0.871 3.92300 0.44 ;type=UNK	name= 	num=1	chain= 	ss=	ssid=	elem=H	aloc=H	
H25:0.399 0.169 2.08 ;type=UNK	name= 	num=1	chain= 	ss=	ssid=	elem=H	aloc=H	
H24:-0.766 2.34 2.248 ;type=UNK	name= 	num=1	chain= 	ss=	ssid=	elem=H	aloc=H	
H23:1.58000 4.371 -0.119000 ;type=UNK	name= 	num=1	chain= 	ss=	ssid=	elem=H	aloc=H	
H22:1.206 4.26800 1.594 ;type=UNK	name= 	num=1	chain= 	ss=	ssid=	elem=H	aloc=H	
O21:3.724 1.568 -0.838 ;type=UNK	name= 	num=1	chain= 	ss=	ssid=	elem=O	aloc=O	
O20:1.612 1.688 -1.26 ;type=UNK	name= 	num=1	chain= 	ss=	ssid=	elem=O	aloc=O	
C19:2.54500 1.903 -0.503000 ;type=UNK	name= 	num=1	chain= 	ss=	ssid=	elem=C	aloc=C	
O18:1.872 1.59500 1.788 ;type=UNK	name= 	num=1	chain= 	ss=	ssid=	elem=O	aloc=O	
O17:-0.009 0.810000 -0.94 ;type=UNK	name= 	num=1	chain= 	ss=	ssid=	elem=O	aloc=O	
O16:1.45000 -1.8 1.17900 ;type=UNK	name= 	num=1	chain= 	ss=	ssid=	elem=O	aloc=O	
O15:0.502 -3.34200 -0.989000 ;type=UNK	name= 	num=1	chain= 	ss=	ssid=	elem=O	aloc=O	
C14:0.782000 -1.948 -1.13800 ;type=UNK	name= 	num=1	chain= 	ss=	ssid=	elem=C	aloc=C	
C13:0.571 -1.24000 0.199000 ;type=UNK	name= 	num=1	chain= 	ss=	ssid=	elem=C	aloc=C	
C12:0.870000 0.25 0.04 ;type=UNK	name= 	num=1	chain= 	ss=	ssid=	elem=C	aloc=C	
C11:0.659 0.958000 1.377 ;type=UNK	name= 	num=1	chain= 	ss=	ssid=	elem=C	aloc=C	
C10:-4.041 0.544000 0.987 ;type=UNK	name= 	num=1	chain= 	ss=	ssid=	elem=C	aloc=C	
O9:-2.81800 1.77 2.61400 ;type=UNK	name= 	num=1	chain= 	ss=	ssid=	elem=O	aloc=O	
C8:-2.806 1.24100 1.504 ;type=UNK	name= 	num=1	chain= 	ss=	ssid=	elem=C	aloc=C	
N7:-1.70500 1.283 0.759000 ;type=UNK	name= 	num=1	chain= 	ss=	ssid=	elem=N	aloc=N	
C6:-0.502 1.96200 1.262 ;type=UNK	name= 	num=1	chain= 	ss=	ssid=	elem=C	aloc=C	
O5:-0.136000 2.67600 -1.02300 ;type=UNK	name= 	num=1	chain= 	ss=	ssid=	elem=O	aloc=O	
C4:-0.131 3.133 0.333000 ;type=UNK	name= 	num=1	chain= 	ss=	ssid=	elem=C	aloc=C	
C3:1.262 3.695 0.671000 ;type=UNK	name= 	num=1	chain= 	ss=	ssid=	elem=C	aloc=C	
C2:2.29900 2.567 0.83 ;type=UNK	name= 	num=1	chain= 	ss=	ssid=	elem=C	aloc=C	
O1:3.56 3.116 1.221 ;type=UNK	name= 	num=1	chain= 	ss=	ssid=	elem=O	aloc=O	
C19-O21
C19-O20
O17-H32
O16-H35
O15-H39
C14-O15
C14-H34
C14-H33
C13-O16
C13-H31
C13-C14
C12-C13
C12-H28
C12-O17
C11-H25
C11-O18
C11-C12
C10-H36
C10-H37
C10-H38
C8-O9
C8-C10
N7-C8
N7-H29
C6-H24
C6-C11
C6-N7
O5-H30
C4-C6
C4-H26
C4-O5
C3-H22
C3-H23
C3-C4
C2-O18
C2-C3
C2-C19
O1-H27
O1-C2
;;start instance definitions here;;
;instancetext:http://www.molvent.com\
\
This file contains\
	39 atoms\
	39 bonds
