- = 0.180000 (0.499992,0.499992,0.499992)
N = 1.5, 0.600000 (0,0,1) ;N
O = 1.4, 0.58 (1,0,0) ;O
H = 0.9, 0.360000 (1,1,1) ;H
C = 1.5, 0.600000 (0.5,0.5,0.5) ;C
H31:-5.58500 1.01900 -1.41 ;type=UNK	name= 	num=1	chain= 	ss=	ssid=	elem=H	aloc=H	
H30:-2.681 1.85000 1.13900 ;type=UNK	name= 	num=1	chain= 	ss=	ssid=	elem=H	aloc=H	
H29:-2.12800 0.303000 1.81400 ;type=UNK	name= 	num=1	chain= 	ss=	ssid=	elem=H	aloc=H	
H28:-3.85 0.550000 1.456 ;type=UNK	name= 	num=1	chain= 	ss=	ssid=	elem=H	aloc=H	
H27:-2.681 -1.66 -1.29 ;type=UNK	name= 	num=1	chain= 	ss=	ssid=	elem=H	aloc=H	
H26:-2.12800 -1.74600 0.396 ;type=UNK	name= 	num=1	chain= 	ss=	ssid=	elem=H	aloc=H	
H25:-3.85 -1.499 0.038 ;type=UNK	name= 	num=1	chain= 	ss=	ssid=	elem=H	aloc=H	
H24:-3.45900 0.512000 -2.238 ;type=UNK	name= 	num=1	chain= 	ss=	ssid=	elem=H	aloc=H	
H23:-3.45900 1.97300 -1.227 ;type=UNK	name= 	num=1	chain= 	ss=	ssid=	elem=H	aloc=H	
H22:-1.619 2.39100 -1.32700 ;type=UNK	name= 	num=1	chain= 	ss=	ssid=	elem=H	aloc=H	
H21:-1.04 0.164000 -1.736 ;type=UNK	name= 	num=1	chain= 	ss=	ssid=	elem=H	aloc=H	
H20:1.43200 0.576 -0.769 ;type=UNK	name= 	num=1	chain= 	ss=	ssid=	elem=H	aloc=H	
H19:1.897 -1.67900 0.927 ;type=UNK	name= 	num=1	chain= 	ss=	ssid=	elem=H	aloc=H	
H18:1.897 -0.219 1.938 ;type=UNK	name= 	num=1	chain= 	ss=	ssid=	elem=H	aloc=H	
H17:3.63100 0.788 0.485000 ;type=UNK	name= 	num=1	chain= 	ss=	ssid=	elem=H	aloc=H	
H16:3.63100 -0.673 -0.526000 ;type=UNK	name= 	num=1	chain= 	ss=	ssid=	elem=H	aloc=H	
O15:-0.621 -0.765 1.168 ;type=UNK	name= 	num=1	chain= 	ss=	ssid=	elem=O	aloc=O	
O14:-0.992 1.96300 -0.723 ;type=UNK	name= 	num=1	chain= 	ss=	ssid=	elem=O	aloc=O	
O13:-4.94700 0.603 -0.809000 ;type=UNK	name= 	num=1	chain= 	ss=	ssid=	elem=O	aloc=O	
C12:-3.613 0.896000 -1.232 ;type=UNK	name= 	num=1	chain= 	ss=	ssid=	elem=C	aloc=C	
C11:-2.83500 0.773000 1.134 ;type=UNK	name= 	num=1	chain= 	ss=	ssid=	elem=C	aloc=C	
C10:-2.83500 -1.27600 -0.284000 ;type=UNK	name= 	num=1	chain= 	ss=	ssid=	elem=C	aloc=C	
C9:-2.62 0.235 -0.277000 ;type=UNK	name= 	num=1	chain= 	ss=	ssid=	elem=C	aloc=C	
C8:-1.19400 0.548 -0.729 ;type=UNK	name= 	num=1	chain= 	ss=	ssid=	elem=C	aloc=C	
C7:-0.212 -0.105 0.214000 ;type=UNK	name= 	num=1	chain= 	ss=	ssid=	elem=C	aloc=C	
N6:1.09500 0.033 0.0140000 ;type=UNK	name= 	num=1	chain= 	ss=	ssid=	elem=N	aloc=N	
C5:2.05100 -0.602 0.932 ;type=UNK	name= 	num=1	chain= 	ss=	ssid=	elem=C	aloc=C	
C4:3.477 -0.289000 0.48 ;type=UNK	name= 	num=1	chain= 	ss=	ssid=	elem=C	aloc=C	
O3:4.036 -1.624 2.408 ;type=UNK	name= 	num=1	chain= 	ss=	ssid=	elem=O	aloc=O	
O2:5.658 -0.815 1.239 ;type=UNK	name= 	num=1	chain= 	ss=	ssid=	elem=O	aloc=O	
C1:4.45900 -0.942 1.423 ;type=UNK	name= 	num=1	chain= 	ss=	ssid=	elem=C	aloc=C	
O14-H22
O13-H31
C12-O13
C12-H23
C12-H24
C11-H29
C11-H28
C11-H30
C10-H26
C10-H25
C10-H27
C9-C11
C9-C12
C9-C10
C8-C9
C8-O14
C8-H21
C7-O15
C7-C8
N6-C7
N6-H20
C5-H18
C5-H19
C5-N6
C4-C5
C4-H17
C4-H16
C1-O3
C1-O2
C1-C4
;;start instance definitions here;;
;instancetext:http://www.molvent.com\
\
This file contains\
	31 atoms\
	30 bonds
