- = 0.180000 (0.499992,0.499992,0.499992)
N = 1.5, 0.600000 (0,0,1) ;N
P = 2.1, 0.740000 (0.850000,0.850000,0.5) ;P
O = 1.4, 0.58 (1,0,0) ;O
H = 0.9, 0.360000 (1,1,1) ;H
C = 1.5, 0.600000 (0.5,0.5,0.5) ;C
H36:1.887 -1.403 -1.591 ;type=UNK	name= 	num=1	chain= 	ss=	ssid=	elem=H	aloc=H	
H35:0.834 0.0160000 -1.77300 ;type=UNK	name= 	num=1	chain= 	ss=	ssid=	elem=H	aloc=H	
H34:-0.385 -4.01000 -1.601 ;type=UNK	name= 	num=1	chain= 	ss=	ssid=	elem=H	aloc=H	
H33:-3.82100 -2.70900 -1.05700 ;type=UNK	name= 	num=1	chain= 	ss=	ssid=	elem=H	aloc=H	
H32:-5.154 1.211 2.95600 ;type=UNK	name= 	num=1	chain= 	ss=	ssid=	elem=H	aloc=H	
H31:-2.35800 1.112 -1.02600 ;type=UNK	name= 	num=1	chain= 	ss=	ssid=	elem=H	aloc=H	
H30:-4.00600 2.945 -0.718 ;type=UNK	name= 	num=1	chain= 	ss=	ssid=	elem=H	aloc=H	
H29:-0.579 -1.89300 -2.126 ;type=UNK	name= 	num=1	chain= 	ss=	ssid=	elem=H	aloc=H	
H28:-2.596 -1.01 -1.43200 ;type=UNK	name= 	num=1	chain= 	ss=	ssid=	elem=H	aloc=H	
H27:0.78 -1.98300 0.479000 ;type=UNK	name= 	num=1	chain= 	ss=	ssid=	elem=H	aloc=H	
H26:-1.89900 -1.64 1.464 ;type=UNK	name= 	num=1	chain= 	ss=	ssid=	elem=H	aloc=H	
O25:-3.53500 -0.782000 2.875 ;type=UNK	name= 	num=1	chain= 	ss=	ssid=	elem=O	aloc=O	
O24:-5.60200 3.175 1.35500 ;type=UNK	name= 	num=1	chain= 	ss=	ssid=	elem=O	aloc=O	
C23:-2.98000 1.137 -0.144 ;type=UNK	name= 	num=1	chain= 	ss=	ssid=	elem=C	aloc=C	
C22:-3.909 2.17100 0.029 ;type=UNK	name= 	num=1	chain= 	ss=	ssid=	elem=C	aloc=C	
C21:-4.70900 2.192 1.17700 ;type=UNK	name= 	num=1	chain= 	ss=	ssid=	elem=C	aloc=C	
N20:-4.57700 1.196 2.12700 ;type=UNK	name= 	num=1	chain= 	ss=	ssid=	elem=N	aloc=N	
C19:-3.65700 0.179000 1.94900 ;type=UNK	name= 	num=1	chain= 	ss=	ssid=	elem=C	aloc=C	
N18:-2.862 0.150000 0.817 ;type=UNK	name= 	num=1	chain= 	ss=	ssid=	elem=N	aloc=N	
O17:4.765 3.38400 -1.78900 ;type=UNK	name= 	num=1	chain= 	ss=	ssid=	elem=O	aloc=O	
O16:6.24700 1.38900 -1.533 ;type=UNK	name= 	num=1	chain= 	ss=	ssid=	elem=O	aloc=O	
O15:6.194 3.13400 0.185000 ;type=UNK	name= 	num=1	chain= 	ss=	ssid=	elem=O	aloc=O	
P14:5.37300 2.40000 -0.788 ;type=UNK	name= 	num=1	chain= 	ss=	ssid=	elem=P	aloc=P	
O13:4.22200 1.642 -0.0350000 ;type=UNK	name= 	num=1	chain= 	ss=	ssid=	elem=O	aloc=O	
O12:2.66700 1.79600 -2.02600 ;type=UNK	name= 	num=1	chain= 	ss=	ssid=	elem=O	aloc=O	
O11:4.115 -0.159 -1.74000 ;type=UNK	name= 	num=1	chain= 	ss=	ssid=	elem=O	aloc=O	
P10:3.30500 0.835 -1.02100 ;type=UNK	name= 	num=1	chain= 	ss=	ssid=	elem=P	aloc=P	
O9:2.179 0.103000 -0.208000 ;type=UNK	name= 	num=1	chain= 	ss=	ssid=	elem=O	aloc=O	
C8:1.31 -0.651000 -1.05700 ;type=UNK	name= 	num=1	chain= 	ss=	ssid=	elem=C	aloc=C	
O7:-3.04200 -2.79 -0.485000 ;type=UNK	name= 	num=1	chain= 	ss=	ssid=	elem=O	aloc=O	
C6:-2.169 -1.676 -0.685000 ;type=UNK	name= 	num=1	chain= 	ss=	ssid=	elem=C	aloc=C	
O5:-0.613 -3.52600 -0.792 ;type=UNK	name= 	num=1	chain= 	ss=	ssid=	elem=O	aloc=O	
C4:-0.752 -2.132 -1.079 ;type=UNK	name= 	num=1	chain= 	ss=	ssid=	elem=C	aloc=C	
C3:0.239 -1.33700 -0.21 ;type=UNK	name= 	num=1	chain= 	ss=	ssid=	elem=C	aloc=C	
O2:-0.574000 -0.388000 0.484 ;type=UNK	name= 	num=1	chain= 	ss=	ssid=	elem=O	aloc=O	
C1:-1.887 -0.935000 0.635 ;type=UNK	name= 	num=1	chain= 	ss=	ssid=	elem=C	aloc=C	
C23-H31
C22-H30
C22-C23
C21-O24
C21-C22
N20-H32
N20-C21
C19-O25
C19-N20
N18-C19
N18-C23
P14-O15
P14-O17
P14-O16
O13-P14
P10-O13
P10-O12
P10-O11
O9-P10
C8-O9
C8-H35
C8-H36
O7-H33
C6-O7
C6-H28
O5-H34
C4-C6
C4-O5
C4-H29
C3-H27
C3-C8
C3-C4
O2-C3
C1-H26
C1-N18
C1-O2
C1-C6
;;start instance definitions here;;
;instancetext:http://www.molvent.com\
\
This file contains\
	36 atoms\
	37 bonds
