- = 0.180000 (0.499992,0.499992,0.499992)
N = 1.5, 0.600000 (0,0,1) ;N
P = 2.1, 0.740000 (0.850000,0.850000,0.5) ;P
O = 1.4, 0.58 (1,0,0) ;O
H = 0.9, 0.360000 (1,1,1) ;H
C = 1.5, 0.600000 (0.5,0.5,0.5) ;C
H32:3.39700 -0.82 -1.219 ;type=UNK	name= 	num=1	chain= 	ss=	ssid=	elem=H	aloc=H	
H31:2.156 0.423000 -1.482 ;type=UNK	name= 	num=1	chain= 	ss=	ssid=	elem=H	aloc=H	
H30:1.56 -3.744 -1.405 ;type=UNK	name= 	num=1	chain= 	ss=	ssid=	elem=H	aloc=H	
H29:-2.067 -2.991 -1.13 ;type=UNK	name= 	num=1	chain= 	ss=	ssid=	elem=H	aloc=H	
H28:-4.28900 0.631 2.768 ;type=UNK	name= 	num=1	chain= 	ss=	ssid=	elem=H	aloc=H	
H27:-1.214 1.00800 -0.985000 ;type=UNK	name= 	num=1	chain= 	ss=	ssid=	elem=H	aloc=H	
H26:-3.143 2.564 -0.806 ;type=UNK	name= 	num=1	chain= 	ss=	ssid=	elem=H	aloc=H	
H25:1.084 -1.676 -1.94400 ;type=UNK	name= 	num=1	chain= 	ss=	ssid=	elem=H	aloc=H	
H24:-1.09200 -1.12000 -1.40900 ;type=UNK	name= 	num=1	chain= 	ss=	ssid=	elem=H	aloc=H	
H23:2.237 -1.58800 0.758000 ;type=UNK	name= 	num=1	chain= 	ss=	ssid=	elem=H	aloc=H	
H22:-0.53 -1.67100 1.533 ;type=UNK	name= 	num=1	chain= 	ss=	ssid=	elem=H	aloc=H	
O21:-2.382 -1.091 2.81200 ;type=UNK	name= 	num=1	chain= 	ss=	ssid=	elem=O	aloc=O	
O20:-4.909 2.52200 1.137 ;type=UNK	name= 	num=1	chain= 	ss=	ssid=	elem=O	aloc=O	
C19:-1.89900 0.927 -0.154 ;type=UNK	name= 	num=1	chain= 	ss=	ssid=	elem=C	aloc=C	
C18:-2.985 1.805 -0.0540000 ;type=UNK	name= 	num=1	chain= 	ss=	ssid=	elem=C	aloc=C	
C17:-3.86500 1.68900 1.02900 ;type=UNK	name= 	num=1	chain= 	ss=	ssid=	elem=C	aloc=C	
N16:-3.65400 0.714 1.987 ;type=UNK	name= 	num=1	chain= 	ss=	ssid=	elem=N	aloc=N	
C15:-2.57800 -0.149000 1.88 ;type=UNK	name= 	num=1	chain= 	ss=	ssid=	elem=C	aloc=C	
N14:-1.704 -0.042 0.814000 ;type=UNK	name= 	num=1	chain= 	ss=	ssid=	elem=N	aloc=N	
O13:3.708 2.46600 -1.59200 ;type=UNK	name= 	num=1	chain= 	ss=	ssid=	elem=O	aloc=O	
O12:5.454 0.717000 -1.22200 ;type=UNK	name= 	num=1	chain= 	ss=	ssid=	elem=O	aloc=O	
O11:5.066 2.46900 0.447 ;type=UNK	name= 	num=1	chain= 	ss=	ssid=	elem=O	aloc=O	
P10:4.40700 1.602 -0.541000 ;type=UNK	name= 	num=1	chain= 	ss=	ssid=	elem=P	aloc=P	
O9:3.34800 0.696 0.182 ;type=UNK	name= 	num=1	chain= 	ss=	ssid=	elem=O	aloc=O	
C8:2.672 -0.172000 -0.732 ;type=UNK	name= 	num=1	chain= 	ss=	ssid=	elem=C	aloc=C	
O7:-1.331 -2.95900 -0.499000 ;type=UNK	name= 	num=1	chain= 	ss=	ssid=	elem=O	aloc=O	
C6:-0.626 -1.72200 -0.63 ;type=UNK	name= 	num=1	chain= 	ss=	ssid=	elem=C	aloc=C	
O5:1.19900 -3.31100 -0.616 ;type=UNK	name= 	num=1	chain= 	ss=	ssid=	elem=O	aloc=O	
C4:0.870000 -1.951 -0.913 ;type=UNK	name= 	num=1	chain= 	ss=	ssid=	elem=C	aloc=C	
C3:1.658 -1.02400 0.03 ;type=UNK	name= 	num=1	chain= 	ss=	ssid=	elem=C	aloc=C	
O2:0.658 -0.219 0.659 ;type=UNK	name= 	num=1	chain= 	ss=	ssid=	elem=O	aloc=O	
C1:-0.563000 -0.963 0.708000 ;type=UNK	name= 	num=1	chain= 	ss=	ssid=	elem=C	aloc=C	
C19-H27
C18-H26
C18-C19
C17-O20
C17-C18
N16-H28
N16-C17
C15-O21
C15-N16
N14-C15
N14-C19
P10-O11
P10-O13
P10-O12
O9-P10
C8-O9
C8-H31
C8-H32
O7-H29
C6-O7
C6-H24
O5-H30
C4-O5
C4-C6
C4-H25
C3-H23
C3-C8
C3-C4
O2-C3
C1-H22
C1-N14
C1-O2
C1-C6
;;start instance definitions here;;
;instancetext:http://www.molvent.com\
\
This file contains\
	32 atoms\
	33 bonds
