- = 0.180000 (0.499992,0.499992,0.499992)
N = 1.5, 0.600000 (0,0,1) ;N
O = 1.4, 0.58 (1,0,0) ;O
H = 0.9, 0.360000 (1,1,1) ;H
C = 1.5, 0.600000 (0.5,0.5,0.5) ;C
H32:-3.534 -2.37700 1.561 ;type=UNK	name= 	num=1	chain= 	ss=	ssid=	elem=H	aloc=H	
H31:-4.198 -0.913 -0.135000 ;type=UNK	name= 	num=1	chain= 	ss=	ssid=	elem=H	aloc=H	
H30:-2.514 -1.446 -0.324000 ;type=UNK	name= 	num=1	chain= 	ss=	ssid=	elem=H	aloc=H	
H29:-4.21000 2.1 -1.83200 ;type=UNK	name= 	num=1	chain= 	ss=	ssid=	elem=H	aloc=H	
H28:-0.726000 3.247 -2.41700 ;type=UNK	name= 	num=1	chain= 	ss=	ssid=	elem=H	aloc=H	
H27:0.12 -0.708000 -1.07000 ;type=UNK	name= 	num=1	chain= 	ss=	ssid=	elem=H	aloc=H	
H26:4.112 -1.79700 -1.28900 ;type=UNK	name= 	num=1	chain= 	ss=	ssid=	elem=H	aloc=H	
H25:1.334 3.41000 1.555 ;type=UNK	name= 	num=1	chain= 	ss=	ssid=	elem=H	aloc=H	
H24:-2.758 0.462000 -1.76100 ;type=UNK	name= 	num=1	chain= 	ss=	ssid=	elem=H	aloc=H	
H23:-0.583000 1.23300 -1.747 ;type=UNK	name= 	num=1	chain= 	ss=	ssid=	elem=H	aloc=H	
H22:-3.45900 1.07400 1.027 ;type=UNK	name= 	num=1	chain= 	ss=	ssid=	elem=H	aloc=H	
H21:-1.102 2.711 0.864000 ;type=UNK	name= 	num=1	chain= 	ss=	ssid=	elem=H	aloc=H	
O20:5.04500 0.208000 0.0270000 ;type=UNK	name= 	num=1	chain= 	ss=	ssid=	elem=O	aloc=O	
O19:1.734 -2.491 -1.971 ;type=UNK	name= 	num=1	chain= 	ss=	ssid=	elem=O	aloc=O	
C18:1.426 0.609000 -0.129 ;type=UNK	name= 	num=1	chain= 	ss=	ssid=	elem=C	aloc=C	
N17:1.08800 -0.521000 -0.851000 ;type=UNK	name= 	num=1	chain= 	ss=	ssid=	elem=N	aloc=N	
C16:2.07100 -1.39800 -1.27300 ;type=UNK	name= 	num=1	chain= 	ss=	ssid=	elem=C	aloc=C	
N15:3.399 -1.152 -0.977 ;type=UNK	name= 	num=1	chain= 	ss=	ssid=	elem=N	aloc=N	
C14:3.757 -0.0270000 -0.257 ;type=UNK	name= 	num=1	chain= 	ss=	ssid=	elem=C	aloc=C	
C13:2.768 0.866 0.174 ;type=UNK	name= 	num=1	chain= 	ss=	ssid=	elem=C	aloc=C	
N12:2.824 2.00900 0.871 ;type=UNK	name= 	num=1	chain= 	ss=	ssid=	elem=N	aloc=N	
C11:1.58800 2.5 1.032 ;type=UNK	name= 	num=1	chain= 	ss=	ssid=	elem=C	aloc=C	
N10:0.691 1.64600 0.417 ;type=UNK	name= 	num=1	chain= 	ss=	ssid=	elem=N	aloc=N	
O9:-3.23600 -1.45500 1.611 ;type=UNK	name= 	num=1	chain= 	ss=	ssid=	elem=O	aloc=O	
C8:-3.202 -0.881 0.301 ;type=UNK	name= 	num=1	chain= 	ss=	ssid=	elem=C	aloc=C	
O7:-1.278 3.17400 -1.622 ;type=UNK	name= 	num=1	chain= 	ss=	ssid=	elem=O	aloc=O	
C6:-1.229 1.83800 -1.11500 ;type=UNK	name= 	num=1	chain= 	ss=	ssid=	elem=C	aloc=C	
O5:-3.61 2.271 -1.089 ;type=UNK	name= 	num=1	chain= 	ss=	ssid=	elem=O	aloc=O	
C4:-2.63700 1.227 -0.997 ;type=UNK	name= 	num=1	chain= 	ss=	ssid=	elem=C	aloc=C	
C3:-2.73300 0.57 0.393000 ;type=UNK	name= 	num=1	chain= 	ss=	ssid=	elem=C	aloc=C	
O2:-1.40900 0.665000 0.925000 ;type=UNK	name= 	num=1	chain= 	ss=	ssid=	elem=O	aloc=O	
C1:-0.768000 1.80900 0.355 ;type=UNK	name= 	num=1	chain= 	ss=	ssid=	elem=C	aloc=C	
N17-C18
N17-H27
C16-N17
C16-O19
N15-H26
N15-C16
C14-O20
C14-N15
C13-C14
C13-C18
N12-C13
C11-H25
C11-N12
N10-C11
N10-C18
O9-H32
C8-O9
C8-H30
C8-H31
O7-H28
C6-O7
C6-H23
O5-H29
C4-C6
C4-O5
C4-H24
C3-H22
C3-C4
C3-C8
O2-C3
C1-O2
C1-H21
C1-N10
C1-C6
;;start instance definitions here;;
;instancetext:http://www.molvent.com\
\
This file contains\
	32 atoms\
	34 bonds
