- = 0.180000 (0.499992,0.499992,0.499992)
N = 1.5, 0.600000 (0,0,1) ;N
P = 2.1, 0.740000 (0.850000,0.850000,0.5) ;P
O = 1.4, 0.58 (1,0,0) ;O
H = 0.9, 0.360000 (1,1,1) ;H
C = 1.5, 0.600000 (0.5,0.5,0.5) ;C
H35:3.448 -0.607 -1.45200 ;type=UNK	name= 	num=1	chain= 	ss=	ssid=	elem=H	aloc=H	
H34:2.10500 0.554000 -1.515 ;type=UNK	name= 	num=1	chain= 	ss=	ssid=	elem=H	aloc=H	
H33:1.808 -3.64100 -1.711 ;type=UNK	name= 	num=1	chain= 	ss=	ssid=	elem=H	aloc=H	
H32:-1.82500 -3.18300 -1.081 ;type=UNK	name= 	num=1	chain= 	ss=	ssid=	elem=H	aloc=H	
H31:-0.702000 0.919000 -1.36300 ;type=UNK	name= 	num=1	chain= 	ss=	ssid=	elem=H	aloc=H	
H30:-3.86400 3.59500 -1.23800 ;type=UNK	name= 	num=1	chain= 	ss=	ssid=	elem=H	aloc=H	
H29:-2.27200 -1.21500 2.916 ;type=UNK	name= 	num=1	chain= 	ss=	ssid=	elem=H	aloc=H	
H28:1.145 -1.581 -2.04800 ;type=UNK	name= 	num=1	chain= 	ss=	ssid=	elem=H	aloc=H	
H27:-1.009 -1.23000 -1.29400 ;type=UNK	name= 	num=1	chain= 	ss=	ssid=	elem=H	aloc=H	
H26:2.521 -1.59800 0.549000 ;type=UNK	name= 	num=1	chain= 	ss=	ssid=	elem=H	aloc=H	
H25:-0.156000 -1.94400 1.54 ;type=UNK	name= 	num=1	chain= 	ss=	ssid=	elem=H	aloc=H	
O24:-4.91200 2.722 0.945 ;type=UNK	name= 	num=1	chain= 	ss=	ssid=	elem=O	aloc=O	
O23:-1.798 2.89100 -2.59200 ;type=UNK	name= 	num=1	chain= 	ss=	ssid=	elem=O	aloc=O	
C22:-1.96500 0.686 0.273000 ;type=UNK	name= 	num=1	chain= 	ss=	ssid=	elem=C	aloc=C	
N21:-1.53 1.27 -0.903 ;type=UNK	name= 	num=1	chain= 	ss=	ssid=	elem=N	aloc=N	
C20:-2.22600 2.33200 -1.45200 ;type=UNK	name= 	num=1	chain= 	ss=	ssid=	elem=C	aloc=C	
N19:-3.36100 2.81900 -0.831 ;type=UNK	name= 	num=1	chain= 	ss=	ssid=	elem=N	aloc=N	
C18:-3.81100 2.248 0.346 ;type=UNK	name= 	num=1	chain= 	ss=	ssid=	elem=C	aloc=C	
C17:-3.113 1.173 0.909 ;type=UNK	name= 	num=1	chain= 	ss=	ssid=	elem=C	aloc=C	
N16:-3.316 0.443 2.014 ;type=UNK	name= 	num=1	chain= 	ss=	ssid=	elem=N	aloc=N	
C15:-2.35800 -0.488000 2.122 ;type=UNK	name= 	num=1	chain= 	ss=	ssid=	elem=C	aloc=C	
N14:-1.497 -0.360000 1.04700 ;type=UNK	name= 	num=1	chain= 	ss=	ssid=	elem=N	aloc=N	
O13:3.497 2.711 -1.59500 ;type=UNK	name= 	num=1	chain= 	ss=	ssid=	elem=O	aloc=O	
O12:5.38600 1.07700 -1.505 ;type=UNK	name= 	num=1	chain= 	ss=	ssid=	elem=O	aloc=O	
O11:5.02600 2.672 0.319000 ;type=UNK	name= 	num=1	chain= 	ss=	ssid=	elem=O	aloc=O	
P10:4.344 1.83000 -0.674000 ;type=UNK	name= 	num=1	chain= 	ss=	ssid=	elem=P	aloc=P	
O9:3.41700 0.798 0.0610000 ;type=UNK	name= 	num=1	chain= 	ss=	ssid=	elem=O	aloc=O	
C8:2.72600 -0.051 -0.858 ;type=UNK	name= 	num=1	chain= 	ss=	ssid=	elem=C	aloc=C	
O7:-1.04 -3.14100 -0.512000 ;type=UNK	name= 	num=1	chain= 	ss=	ssid=	elem=O	aloc=O	
C6:-0.437000 -1.84800 -0.606000 ;type=UNK	name= 	num=1	chain= 	ss=	ssid=	elem=C	aloc=C	
O5:1.48800 -3.29200 -0.864000 ;type=UNK	name= 	num=1	chain= 	ss=	ssid=	elem=O	aloc=O	
C4:1.04100 -1.94400 -1.027 ;type=UNK	name= 	num=1	chain= 	ss=	ssid=	elem=C	aloc=C	
C3:1.84300 -1.02900 -0.083 ;type=UNK	name= 	num=1	chain= 	ss=	ssid=	elem=C	aloc=C	
O2:0.848 -0.348 0.686 ;type=UNK	name= 	num=1	chain= 	ss=	ssid=	elem=O	aloc=O	
C1:-0.309 -1.183 0.777000 ;type=UNK	name= 	num=1	chain= 	ss=	ssid=	elem=C	aloc=C	
N21-C22
N21-H31
C20-N21
C20-O23
N19-C20
N19-H30
C18-O24
C18-N19
C17-C18
C17-C22
N16-C17
C15-H29
C15-N16
N14-C15
N14-C22
P10-O11
P10-O13
P10-O12
O9-P10
C8-O9
C8-H34
C8-H35
O7-H32
C6-O7
C6-H27
O5-H33
C4-C6
C4-O5
C4-H28
C3-H26
C3-C8
C3-C4
O2-C3
C1-H25
C1-N14
C1-O2
C1-C6
;;start instance definitions here;;
;instancetext:http://www.molvent.com\
\
This file contains\
	35 atoms\
	37 bonds
